3   4   15   0
3   4   17   0
3   4   16   0
3   4   17   0
3   4   16   0
3   4   17   0
3   4   16   0
3   4   16   0
3   4   17   0
3   4   22   0
3   4   24   0
3   4   20   0
3   4   19   0
3   4   28   0
14   22   48   0
3   4   33   0
3   4   22   0
3   4   17   0
3   4   24   0
3   4   31   0
3   4   38   0
12   20   46   0
15   27   57   0
19   34   65   0
19   34   79   0
19   34   94   0
12   18   111   0
14   22   111   0
16   26   112   0
68   114   163   0
71   116   165   0
69   112   170   0
69   110   170   0
39   61   170   0
45   66   170   0
58   86   171   0
62   92   170   0
66   96   171   0
68   98   171   0
70   98   172   0
72   100   172   0
74   102   172   0
76   103   178   0
78   106   184   0
80   107   185   0
81   107   183   0
83   106   186   0
84   104   184   0
84   103   185   0
84   100   182   0
84   97   182   0
84   95   180   0
85   94   178   0
83   96   182   0
83   98   186   0
81   103   184   0
81   108   187   0
80   115   188   0
79   121   189   0
78   125   192   0
75   125   188   0
72   119   185   0
68   111   178   0
64   103   174   0
64   98   174   0
67   99   174   0
72   102   173   0
76   103   179   0
80   106   183   0
82   107   184   0
83   104   185   0
81   99   186   0
80   93   182   0
81   90   175   0
82   86   175   0
84   84   174   0
85   84   178   0
86   86   179   0
87   88   178   0
86   93   185   0
86   96   187   0
85   100   188   0
86   102   187   0
86   106   186   0
86   109   192   0
86   109   189   0
85   109   189   0
86   108   183   0
85   109   181   0
84   109   183   0
83   107   185   0
83   105   184   0
84   104   182   0
85   104   182   0
85   108   186   0
81   109   183   0
71   106   157   0
12   10   47   0
6   7   73   0
3   4   28   0
3   4   17   0
3   4   20   0
3   4   18   0
3   4   17   0
3   4   19   0
3   4   25   0
6   8   27   0
6   8   34   0
6   8   34   0
5   6   33   0
5   6   33   0
5   6   34   0
5   6   35   0
2   4   14   0
2   4   15   0
2   4   15   0
2   4   13   0
2   4   16   0
4   6   47   0
13   18   56   0
12   16   61   0
14   22   85   0
19   29   106   0
41   56   154   0
58   82   160   0
65   92   160   0
68   98   162   0
70   101   171   0
73   104   178   0
75   106   182   0
77   108   187   0
78   108   188   0
79   109   191   0
80   110   191   0
81   109   191   0
81   106   186   0
81   104   185   0
81   98   185   0
81   95   180   0
82   91   180   0
83   87   179   0
84   88   186   0
84   94   189   0
83   96   190   0
82   100   195   0
82   102   193   0
81   105   193   0
81   108   195   0
81   110   195   0
79   114   195   0
79   116   193   0
79   116   195   0
79   117   196   0
79   117   199   0
78   118   199   0
78   114   196   0
79   109   195   0
80   108   191   0
80   106   189   0
80   104   182   0
78   104   183   0
77   102   181   0
77   102   180   0
76   98   172   0
75   96   172   0
66   97   145   0
13   12   39   0
7   10   55   0
5   6   28   0
3   5   26   0
3   5   24   0
3   4   24   0
3   4   20   0
3   4   24   0
3   4   24   0
3   4   19   0
3   4   22   0
3   4   21   0
3   4   21   0
2   4   14   0
3   4   15   0
3   4   18   0
3   4   18   0
3   4   18   0
3   5   19   0
3   5   19   0
4   6   44   0
11   16   75   0
53   73   162   0
80   112   182   0
76   104   180   0
77   104   177   0
77   104   179   0
78   108   185   0
78   110   186   0
77   112   188   0
75   114   190   0
73   116   191   0
72   116   190   0
70   117   189   0
69   116   181   0
67   114   178   0
64   109   176   0
61   105   177   0
60   100   176   0
60   98   177   0
62   97   177   0
67   98   172   0
71   100   169   0
74   102   173   0
78   106   179   0
78   106   181   0
78   107   182   0
78   108   183   0
76   107   182   0
75   105   181   0
76   100   180   0
77   96   175   0
80   94   174   0
81   95   174   0
83   96   181   0
83   101   185   0
83   104   188   0
82   112   194   0
80   114   194   0
78   113   189   0
74   109   188   0
72   103   178   0
72   100   169   0
74   102   173   0
73   98   175   0
73   101   178   0
75   105   176   0
75   105   171   0
74   105   177   0
74   105   175   0
73   103   175   0
72   101   175   0
71   97   176   0
70   94   177   0
72   91   177   0
73   90   177   0
74   88   176   0
76   86   173   0
78   86   177   0
79   87   170   0
81   87   172   0
84   88   174   0
84   90   179   0
84   91   179   0
84   96   180   0
83   99   186   0
82   103   188   0
82   107   191   0
82   109   193   0
81   111   191   0
82   110   191   0
82   108   190   0
82   108   183   0
81   108   186   0
79   107   182   0
78   104   180   0
77   102   180   0
75   101   184   0
74   98   180   0
71   97   178   0
69   93   177   0
67   88   176   0
64   83   177   0
62   81   173   0
61   78   172   0
60   76   169   0
58   75   160   0
57   71   158   0
59   62   157   0
57   57   157   0
53   54   153   0
56   56   154   0
59   56   156   0
83   68   162   0
83   78   170   0
80   90   185   0
78   100   193   0
79   104   194   0
79   107   194   0
79   110   195   0
80   110   195   0
80   110   193   0
79   108   192   0
73   105   179   0
67   104   177   0
63   108   178   0
63   110   177   0
64   114   176   0
70   124   186   0
76   114   194   0
79   112   193   0
79   108   191   0
73   102   179   0
16   12   91   0
12   12   101   0
5   6   86   0
22   34   79   0
6   8   81   0
5   7   79   0
5   6   79   0
19   32   81   0
4   6   85   0
17   28   84   0
3   4   82   0
3   4   84   0
3   4   80   0
3   4   82   0
3   4   83   0
3   4   81   0
3   4   82   0
3   4   79   0
3   4   81   0
3   4   83   0
3   4   80   0
3   4   79   0
3   4   82   0
3   4   78   0
16   28   83   0
16   28   83   0
17   30   77   0
3   4   73   0
19   32   74   0
19   32   79   0
3   4   80   0
3   4   81   0
19   32   81   0
18   30   82   0
4   6   81   0
4   6   78   0
4   6   78   0
16   28   77   0
16   28   80   0
17   30   85   0
17   30   81   0
17   30   79   0
3   4   77   0
3   5   78   0
3   5   80   0
19   32   82   0
3   5   81   0
3   5   80   0
4   6   81   0
5   6   80   0
5   6   78   0
5   6   78   0
5   6   79   0
5   6   78   0
5   6   76   0
5   6   79   0
5   6   82   0
5   6   79   0
5   6   81   0
5   6   79   0
5   6   81   0
5   6   85   0
5   6   76   0
5   6   87   0
5   6   80   0
5   6   79   0
4   6   80   0
18   31   86   0
3   5   83   0
5   6   80   0
19   30   81   0
17   28   85   0
17   30   80   0
17   30   81   0
17   30   83   0
17   30   81   0
17   30   84   0
17   30   78   0
17   30   82   0
3   4   16   0
3   4   15   0
3   4   16   0
3   4   16   0
3   4   16   0
3   4   19   0
3   4   17   0
3   4   16   0
3   4   17   0
3   4   16   0
3   4   18   0
3   4   28   0
3   4   24   0
3   4   25   0
3   4   25   0
3   4   26   0
3   4   25   0
3   4   23   0
3   4   24   0
3   4   22   0
3   4   27   0
3   4   29   0
3   4   27   0
3   4   28   0
3   4   25   0
3   4   26   0
3   4   23   0
3   4   28   0
3   4   28   0
3   4   23   0
3   4   27   0
3   4   28   0
3   4   25   0
3   4   25   0
3   4   26   0
3   4   27   0
3   4   25   0
3   4   29   0
3   4   27   0
3   4   27   0
3   4   25   0
3   4   26   0
3   4   27   0
3   4   25   0
3   4   24   0
3   4   26   0
3   4   28   0
3   4   30   0
3   4   29   0
3   4   24   0
3   4   31   0
5   6   27   0
6   8   29   0
6   9   30   0
6   9   32   0
6   9   30   0
7   8   32   0
7   8   32   0
6   8   31   0
6   8   33   0
7   8   33   0
6   9   31   0
6   9   31   0
6   8   32   0
6   8   32   0
6   9   32   0
7   10   35   0
6   9   34   0
6   9   34   0
6   9   32   0
6   8   35   0
6   8   36   0
5   6   31   0
3   4   23   0
3   4   17   0
3   4   19   0
3   4   18   0
3   4   20   0
3   4   24   0
3   4   27   0
3   4   33   0
3   4   34   0
3   4   38   0
3   4   36   0
3   4   32   0
3   4   29   0
3   4   26   0
3   4   26   0
3   4   16   0
3   4   15   0
3   4   15   0
3   4   16   0
3   4   18   0
3   4   19   0
6   8   46   0
9   10   87   0
11   12   89   0
10   10   78   0
7   9   71   0
5   6   69   0
3   4   64   0
3   4   40   0
3   4   32   0
5   6   38   0
3   4   37   0
3   4   34   0
3   4   32   0
3   4   24   0
3   4   19   0
3   4   18   0
3   4   19   0
3   4   19   0
3   5   20   0
4   6   39   0
15   26   93   0
18   27   94   0
19   25   95   0
22   26   91   0
25   26   108   0
34   38   142   0
57   76   161   0
59   78   162   0
69   90   164   0
76   101   182   0
80   106   187   0
81   108   188   0
83   110   185   0
83   110   185   0
82   109   184   0
82   106   185   0
82   107   187   0
83   107   185   0
82   107   185   0
82   104   185   0
81   101   184   0
82   98   180   0
83   96   181   0
84   94   178   0
86   92   181   0
86   93   184   0
87   95   187   0
86   99   192   0
85   103   192   0
85   105   193   0
85   110   193   0
83   113   193   0
83   113   197   0
82   113   197   0
82   111   199   0
81   111   196   0
81   108   192   0
81   107   189   0
81   107   184   0
80   106   178   0
79   106   181   0
78   104   180   0
78   104   180   0
77   102   183   0
76   98   179   0
74   94   181   0
72   91   178   0
71   89   175   0
72   86   176   0
73   84   174   0
73   83   173   0
76   82   174   0
77   82   173   0
78   82   175   0
79   83   175   0
82   84   177   0
83   86   177   0
84   86   177   0
85   90   181   0
86   91   185   0
87   94   188   0
87   98   192   0
86   103   199   0
86   108   196   0
85   109   195   0
84   110   197   0
82   111   196   0
81   109   193   0
80   108   191   0
79   108   189   0
78   106   189   0
77   105   185   0
77   105   184   0
79   106   180   0
81   108   180   0
81   109   184   0
81   108   182   0
81   108   183   0
80   107   184   0
79   105   181   0
78   105   183   0
78   103   182   0
77   103   179   0
77   102   179   0
77   102   177   0
76   102   175   0
75   100   178   0
74   98   179   0
72   96   177   0
70   94   175   0
67   89   173   0
66   86   173   0
64   82   172   0
62   80   165   0
60   77   167   0
59   75   169   0
60   71   166   0
63   72   167   0
68   72   168   0
73   77   170   0
79   82   174   0
82   91   176   0
86   100   181   0
84   114   187   0
80   118   175   0
71   113   163   0
11   10   36   0
5   8   25   0
3   5   19   0
3   4   18   0
3   5   20   0
3   5   18   0
3   4   17   0
3   4   16   0
3   4   15   0
3   4   15   0
3   4   17   0
3   4   16   0
3   4   18   0
3   4   18   0
3   4   19   0
3   4   18   0
